-3.375838182441857072e+00 1.630260422424516520e-01 1.506110659636194504e-01 1.393640658792169307e-01 1.649150501714172767e-01 1.436505239390984401e-01
1.630260422424516520e-01 -3.375835890802420636e+00 1.436508315184043538e-01 1.649140682436584515e-01 1.393663289316394716e-01 1.506077863791429605e-01
1.506110659636194504e-01 1.436508315184043538e-01 -3.401051258617254547e+00 1.436510738372519524e-01 1.506074034870276968e-01 1.916614473882523872e-01
1.393640658792169307e-01 1.649140682436584515e-01 1.436510738372519524e-01 -3.375837421778777880e+00 1.630260764553342345e-01 1.506103801249809304e-01
1.649150501714172767e-01 1.393663289316394716e-01 1.506074034870276968e-01 1.630260764553342345e-01 -3.375835469688428514e+00 1.436507520109894243e-01
1.436505239390984401e-01 1.506077863791429605e-01 1.916614473882523872e-01 1.506103801249809304e-01 1.436507520109894243e-01 -3.401047524719267301e+00
